0 2.1862 3.21539 2.11868 1.69537 1.57983 1.69537 2.11868 3.21539 2.1862 0 0 0 0 0 0 0 0 0 0 0 0 0 0 4.81066 4.47973 0 0 0 0 0 0 0 4.47973 4.81066 0 0 0 0 0 0 0 0 0 0 0 0 0 6.09216 0 0 0 0 0 0 0 0 0 6.09216 0 0 0 0 0 0 0 0 0 0 0 0 0 9.09378 0 0 0 0 0 0 0 0 0 9.09378 0 0 0 0 0 0 0 0 0 0 0 0 0 
2.1862 3.21539 2.11868 1.69537 1.57983 1.69537 2.11868 3.21539 2.1862 0 0 0 0 0 0 0 0 0 0 0 0 0 0 0 4.47973 0 0 0 0 0 0 0 4.47973 4.81066 0 0 0 0 0 0 0 0 0 0 0 0 0 4.81066 0 0 0 0 0 0 0 0 0 6.09216 0 0 0 0 0 0 0 0 0 0 0 0 0 6.09216 0 0 0 0 0 0 0 0 0 9.09378 0 0 0 0 0 0 0 0 0 0 0 0 0 9.09378 
3.21539 2.11868 1.69537 1.57983 1.69537 2.11868 3.21539 2.1862 0 0 0 0 0 0 0 0 0 0 0 0 0 0 0 2.1862 0 0 0 0 0 0 0 4.47973 4.81066 0 0 0 0 0 0 0 0 0 0 0 0 0 4.81066 4.47973 0 0 0 0 0 0 0 0 6.09216 0 0 0 0 0 0 0 0 0 0 0 0 0 6.09216 0 0 0 0 0 0 0 0 0 9.09378 0 0 0 0 0 0 0 0 0 0 0 0 0 9.09378 0 
2.11868 1.69537 1.57983 1.69537 2.11868 3.21539 2.1862 0 0 0 0 0 0 0 0 0 0 0 0 0 0 0 2.1862 3.21539 0 0 0 0 0 0 4.47973 4.81066 0 0 0 0 0 0 0 0 0 0 0 0 0 4.81066 4.47973 0 0 0 0 0 0 0 0 6.09216 0 0 0 0 0 0 0 0 0 0 0 0 0 6.09216 0 0 0 0 0 0 0 0 0 9.09378 0 0 0 0 0 0 0 0 0 0 0 0 0 9.09378 0 0 
1.69537 1.57983 1.69537 2.11868 3.21539 2.1862 0 0 0 0 0 0 0 0 0 0 0 0 0 0 0 2.1862 3.21539 2.11868 0 0 0 0 0 4.47973 4.81066 0 0 0 0 0 0 0 0 0 0 0 0 0 4.81066 4.47973 0 0 0 0 0 0 0 0 6.09216 0 0 0 0 0 0 0 0 0 0 0 0 0 6.09216 0 0 0 0 0 0 0 0 0 9.09378 0 0 0 0 0 0 0 0 0 0 0 0 0 9.09378 0 0 0 
1.57983 1.69537 2.11868 3.21539 2.1862 0 0 0 0 0 0 0 0 0 0 0 0 0 0 0 2.1862 3.21539 2.11868 1.69537 0 0 0 0 4.47973 4.81066 0 0 0 0 0 0 0 0 0 0 0 0 0 4.81066 4.47973 0 0 0 0 0 0 0 0 6.09216 0 0 0 0 0 0 0 0 0 0 0 0 0 6.09216 0 0 0 0 0 0 0 0 0 9.09378 0 0 0 0 0 0 0 0 0 0 0 0 0 9.09378 0 0 0 0 
1.69537 2.11868 3.21539 2.1862 0 0 0 0 0 0 0 0 0 0 0 0 0 0 0 2.1862 3.21539 2.11868 1.69537 1.57983 0 0 0 4.47973 4.81066 0 0 0 0 0 0 0 0 0 0 0 0 0 4.81066 4.47973 0 0 0 0 0 0 0 0 6.09216 0 0 0 0 0 0 0 0 0 0 0 0 0 6.09216 0 0 0 0 0 0 0 0 0 9.09378 0 0 0 0 0 0 0 0 0 0 0 0 0 9.09378 0 0 0 0 0 
2.11868 3.21539 2.1862 0 0 0 0 0 0 0 0 0 0 0 0 0 0 0 2.1862 3.21539 2.11868 1.69537 1.57983 1.69537 0 0 4.47973 4.81066 0 0 0 0 0 0 0 0 0 0 0 0 0 4.81066 4.47973 0 0 0 0 0 0 0 0 6.09216 0 0 0 0 0 0 0 0 0 0 0 0 0 6.09216 0 0 0 0 0 0 0 0 0 9.09378 0 0 0 0 0 0 0 0 0 0 0 0 0 9.09378 0 0 0 0 0 0 
3.21539 2.1862 0 0 0 0 0 0 0 0 0 0 0 0 0 0 0 2.1862 3.21539 2.11868 1.69537 1.57983 1.69537 2.11868 0 4.47973 4.81066 0 0 0 0 0 0 0 0 0 0 0 0 0 4.81066 4.47973 0 0 0 0 0 0 0 0 6.09216 0 0 0 0 0 0 0 0 0 0 0 0 0 6.09216 0 0 0 0 0 0 0 0 0 9.09378 0 0 0 0 0 0 0 0 0 0 0 0 0 9.09378 0 0 0 0 0 0 0 
2.1862 0 0 0 0 0 0 0 0 0 0 0 0 0 0 0 2.1862 3.21539 2.11868 1.69537 1.57983 1.69537 2.11868 3.21539 4.47973 4.81066 0 0 0 0 0 0 0 0 0 0 0 0 0 4.81066 4.47973 0 0 0 0 0 0 0 0 6.09216 0 0 0 0 0 0 0 0 0 0 0 0 0 6.09216 0 0 0 0 0 0 0 0 0 9.09378 0 0 0 0 0 0 0 0 0 0 0 0 0 9.09378 0 0 0 0 0 0 0 0 
0 0 0 0 0 0 0 0 0 0 0 0 0 0 0 2.1862 3.21539 2.11868 1.69537 1.57983 1.69537 2.11868 3.21539 2.1862 4.81066 0 0 0 0 0 0 0 0 0 0 0 0 0 4.81066 4.47973 0 0 0 0 0 0 0 4.47973 6.09216 0 0 0 0 0 0 0 0 0 0 0 0 0 6.09216 0 0 0 0 0 0 0 0 0 9.09378 0 0 0 0 0 0 0 0 0 0 0 0 0 9.09378 0 0 0 0 0 0 0 0 0 
0 0 0 0 0 0 0 0 0 0 0 0 0 0 2.1862 3.21539 2.11868 1.69537 1.57983 1.69537 2.11868 3.21539 2.1862 0 0 0 0 0 0 0 0 0 0 0 0 0 0 4.81066 4.47973 0 0 0 0 0 0 0 4.47973 4.81066 0 0 0 0 0 0 0 0 0 0 0 0 0 6.09216 0 0 0 0 0 0 0 0 0 6.09216 0 0 0 0 0 0 0 0 0 0 0 0 0 9.09378 0 0 0 0 0 0 0 0 0 9.09378 
0 0 0 0 0 0 0 0 0 0 0 0 0 2.1862 3.21539 2.11868 1.69537 1.57983 1.69537 2.11868 3.21539 2.1862 0 0 0 0 0 0 0 0 0 0 0 0 0 0 4.81066 4.47973 0 0 0 0 0 0 0 4.47973 4.81066 0 0 0 0 0 0 0 0 0 0 0 0 0 6.09216 0 0 0 0 0 0 0 0 0 6.09216 0 0 0 0 0 0 0 0 0 0 0 0 0 9.09378 0 0 0 0 0 0 0 0 0 9.09378 0 
0 0 0 0 0 0 0 0 0 0 0 0 2.1862 3.21539 2.11868 1.69537 1.57983 1.69537 2.11868 3.21539 2.1862 0 0 0 0 0 0 0 0 0 0 0 0 0 0 4.81066 4.47973 0 0 0 0 0 0 0 4.47973 4.81066 0 0 0 0 0 0 0 0 0 0 0 0 0 6.09216 0 0 0 0 0 0 0 0 0 6.09216 0 0 0 0 0 0 0 0 0 0 0 0 0 9.09378 0 0 0 0 0 0 0 0 0 9.09378 0 0 
0 0 0 0 0 0 0 0 0 0 0 2.1862 3.21539 2.11868 1.69537 1.57983 1.69537 2.11868 3.21539 2.1862 0 0 0 0 0 0 0 0 0 0 0 0 0 0 4.81066 4.47973 0 0 0 0 0 0 0 4.47973 4.81066 0 0 0 0 0 0 0 0 0 0 0 0 0 6.09216 0 0 0 0 0 0 0 0 0 6.09216 0 0 0 0 0 0 0 0 0 0 0 0 0 9.09378 0 0 0 0 0 0 0 0 0 9.09378 0 0 0 
0 0 0 0 0 0 0 0 0 0 2.1862 3.21539 2.11868 1.69537 1.57983 1.69537 2.11868 3.21539 2.1862 0 0 0 0 0 0 0 0 0 0 0 0 0 0 4.81066 4.47973 0 0 0 0 0 0 0 4.47973 4.81066 0 0 0 0 0 0 0 0 0 0 0 0 0 6.09216 0 0 0 0 0 0 0 0 0 6.09216 0 0 0 0 0 0 0 0 0 0 0 0 0 9.09378 0 0 0 0 0 0 0 0 0 9.09378 0 0 0 0 
0 0 0 0 0 0 0 0 0 2.1862 3.21539 2.11868 1.69537 1.57983 1.69537 2.11868 3.21539 2.1862 0 0 0 0 0 0 0 0 0 0 0 0 0 0 4.81066 4.47973 0 0 0 0 0 0 0 4.47973 4.81066 0 0 0 0 0 0 0 0 0 0 0 0 0 6.09216 0 0 0 0 0 0 0 0 0 6.09216 0 0 0 0 0 0 0 0 0 0 0 0 0 9.09378 0 0 0 0 0 0 0 0 0 9.09378 0 0 0 0 0 
0 0 0 0 0 0 0 0 2.1862 3.21539 2.11868 1.69537 1.57983 1.69537 2.11868 3.21539 2.1862 0 0 0 0 0 0 0 0 0 0 0 0 0 0 4.81066 4.47973 0 0 0 0 0 0 0 4.47973 4.81066 0 0 0 0 0 0 0 0 0 0 0 0 0 6.09216 0 0 0 0 0 0 0 0 0 6.09216 0 0 0 0 0 0 0 0 0 0 0 0 0 9.09378 0 0 0 0 0 0 0 0 0 9.09378 0 0 0 0 0 0 
0 0 0 0 0 0 0 2.1862 3.21539 2.11868 1.69537 1.57983 1.69537 2.11868 3.21539 2.1862 0 0 0 0 0 0 0 0 0 0 0 0 0 0 4.81066 4.47973 0 0 0 0 0 0 0 4.47973 4.81066 0 0 0 0 0 0 0 0 0 0 0 0 0 6.09216 0 0 0 0 0 0 0 0 0 6.09216 0 0 0 0 0 0 0 0 0 0 0 0 0 9.09378 0 0 0 0 0 0 0 0 0 9.09378 0 0 0 0 0 0 0 
0 0 0 0 0 0 2.1862 3.21539 2.11868 1.69537 1.57983 1.69537 2.11868 3.21539 2.1862 0 0 0 0 0 0 0 0 0 0 0 0 0 0 4.81066 4.47973 0 0 0 0 0 0 0 4.47973 4.81066 0 0 0 0 0 0 0 0 0 0 0 0 0 6.09216 0 0 0 0 0 0 0 0 0 6.09216 0 0 0 0 0 0 0 0 0 0 0 0 0 9.09378 0 0 0 0 0 0 0 0 0 9.09378 0 0 0 0 0 0 0 0 
0 0 0 0 0 2.1862 3.21539 2.11868 1.69537 1.57983 1.69537 2.11868 3.21539 2.1862 0 0 0 0 0 0 0 0 0 0 0 0 0 0 4.81066 4.47973 0 0 0 0 0 0 0 4.47973 4.81066 0 0 0 0 0 0 0 0 0 0 0 0 0 6.09216 0 0 0 0 0 0 0 0 0 6.09216 0 0 0 0 0 0 0 0 0 0 0 0 0 9.09378 0 0 0 0 0 0 0 0 0 9.09378 0 0 0 0 0 0 0 0 0 
0 0 0 0 2.1862 3.21539 2.11868 1.69537 1.57983 1.69537 2.11868 3.21539 2.1862 0 0 0 0 0 0 0 0 0 0 0 0 0 0 4.81066 4.47973 0 0 0 0 0 0 0 4.47973 4.81066 0 0 0 0 0 0 0 0 0 0 0 0 0 6.09216 0 0 0 0 0 0 0 0 0 6.09216 0 0 0 0 0 0 0 0 0 0 0 0 0 9.09378 0 0 0 0 0 0 0 0 0 9.09378 0 0 0 0 0 0 0 0 0 0 
0 0 0 2.1862 3.21539 2.11868 1.69537 1.57983 1.69537 2.11868 3.21539 2.1862 0 0 0 0 0 0 0 0 0 0 0 0 0 0 4.81066 4.47973 0 0 0 0 0 0 0 4.47973 4.81066 0 0 0 0 0 0 0 0 0 0 0 0 0 6.09216 0 0 0 0 0 0 0 0 0 6.09216 0 0 0 0 0 0 0 0 0 0 0 0 0 9.09378 0 0 0 0 0 0 0 0 0 9.09378 0 0 0 0 0 0 0 0 0 0 0 
0 0 2.1862 3.21539 2.11868 1.69537 1.57983 1.69537 2.11868 3.21539 2.1862 0 0 0 0 0 0 0 0 0 0 0 0 0 0 4.81066 4.47973 0 0 0 0 0 0 0 4.47973 4.81066 0 0 0 0 0 0 0 0 0 0 0 0 0 6.09216 0 0 0 0 0 0 0 0 0 6.09216 0 0 0 0 0 0 0 0 0 0 0 0 0 9.09378 0 0 0 0 0 0 0 0 0 9.09378 0 0 0 0 0 0 0 0 0 0 0 0 
0 0 0 0 0 0 0 0 0 0 0 0 0 0 0 0 0 0 0 0 0 0 0 0 0 0 3.82908 4.94359 3.95585 3.68627 3.95585 4.94359 3.82908 0 0 0 0 0 0 0 0 0 0 0 0 0 0 0 0 3.76747 3.67349 0 0 0 0 0 3.67349 3.76747 0 0 0 0 0 0 0 0 0 0 0 0 0 0 0 10.0654 0 0 0 0 0 0 0 10.0654 0 0 0 0 0 0 0 0 0 0 0 0 0 0 
0 0 0 0 0 0 0 0 0 0 0 0 0 0 0 0 0 0 0 0 0 0 0 0 0 3.82908 4.94359 3.95585 3.68627 3.95585 4.94359 3.82908 0 0 0 0 0 0 0 0 0 0 0 0 0 0 0 0 3.76747 3.67349 0 0 0 0 0 3.67349 3.76747 0 0 0 0 0 0 0 0 0 0 0 0 0 0 0 10.0654 0 0 0 0 0 0 0 10.0654 0 0 0 0 0 0 0 0 0 0 0 0 0 0 0 
0 0 0 0 0 0 0 0 0 0 0 0 0 0 0 0 0 0 0 0 0 0 0 0 3.82908 4.94359 3.95585 3.68627 3.95585 4.94359 3.82908 0 0 0 0 0 0 0 0 0 0 0 0 0 0 0 0 0 3.67349 0 0 0 0 0 3.67349 3.76747 0 0 0 0 0 0 0 0 0 0 0 0 0 0 0 3.76747 0 0 0 0 0 0 0 10.0654 0 0 0 0 0 0 0 0 0 0 0 0 0 0 0 10.0654 
0 0 0 0 0 0 0 0 0 0 0 0 0 0 0 0 0 0 0 0 0 0 0 0 4.94359 3.95585 3.68627 3.95585 4.94359 3.82908 0 0 0 0 0 0 0 0 0 0 0 0 0 0 0 0 0 3.82908 0 0 0 0 0 3.67349 3.76747 0 0 0 0 0 0 0 0 0 0 0 0 0 0 0 3.76747 3.67349 0 0 0 0 0 0 10.0654 0 0 0 0 0 0 0 0 0 0 0 0 0 0 0 10.0654 0 
0 0 0 0 0 0 0 0 0 0 0 0 0 0 0 0 0 0 0 0 0 0 0 0 3.95585 3.68627 3.95585 4.94359 3.82908 0 0 0 0 0 0 0 0 0 0 0 0 0 0 0 0 0 3.82908 4.94359 0 0 0 0 3.67349 3.76747 0 0 0 0 0 0 0 0 0 0 0 0 0 0 0 3.76747 3.67349 0 0 0 0 0 0 10.0654 0 0 0 0 0 0 0 0 0 0 0 0 0 0 0 10.0654 0 0 
0 0 0 0 0 0 0 0 0 0 0 0 0 0 0 0 0 0 0 0 0 0 0 0 3.68627 3.95585 4.94359 3.82908 0 0 0 0 0 0 0 0 0 0 0 0 0 0 0 0 0 3.82908 4.94359 3.95585 0 0 0 3.67349 3.76747 0 0 0 0 0 0 0 0 0 0 0 0 0 0 0 3.76747 3.67349 0 0 0 0 0 0 10.0654 0 0 0 0 0 0 0 0 0 0 0 0 0 0 0 10.0654 0 0 0 
0 0 0 0 0 0 0 0 0 0 0 0 0 0 0 0 0 0 0 0 0 0 0 0 3.95585 4.94359 3.82908 0 0 0 0 0 0 0 0 0 0 0 0 0 0 0 0 0 3.82908 4.94359 3.95585 3.68627 0 0 3.67349 3.76747 0 0 0 0 0 0 0 0 0 0 0 0 0 0 0 3.76747 3.67349 0 0 0 0 0 0 10.0654 0 0 0 0 0 0 0 0 0 0 0 0 0 0 0 10.0654 0 0 0 0 
0 0 0 0 0 0 0 0 0 0 0 0 0 0 0 0 0 0 0 0 0 0 0 0 4.94359 3.82908 0 0 0 0 0 0 0 0 0 0 0 0 0 0 0 0 0 3.82908 4.94359 3.95585 3.68627 3.95585 0 3.67349 3.76747 0 0 0 0 0 0 0 0 0 0 0 0 0 0 0 3.76747 3.67349 0 0 0 0 0 0 10.0654 0 0 0 0 0 0 0 0 0 0 0 0 0 0 0 10.0654 0 0 0 0 0 
0 0 0 0 0 0 0 0 0 0 0 0 0 0 0 0 0 0 0 0 0 0 0 0 3.82908 0 0 0 0 0 0 0 0 0 0 0 0 0 0 0 0 0 3.82908 4.94359 3.95585 3.68627 3.95585 4.94359 3.67349 3.76747 0 0 0 0 0 0 0 0 0 0 0 0 0 0 0 3.76747 3.67349 0 0 0 0 0 0 10.0654 0 0 0 0 0 0 0 0 0 0 0 0 0 0 0 10.0654 0 0 0 0 0 0 
0 0 0 0 0 0 0 0 0 0 0 0 0 0 0 0 0 0 0 0 0 0 0 0 0 0 0 0 0 0 0 0 0 0 0 0 0 0 0 0 0 3.82908 4.94359 3.95585 3.68627 3.95585 4.94359 3.82908 3.76747 0 0 0 0 0 0 0 0 0 0 0 0 0 0 0 3.76747 3.67349 0 0 0 0 0 3.67349 10.0654 0 0 0 0 0 0 0 0 0 0 0 0 0 0 0 10.0654 0 0 0 0 0 0 0 
0 0 0 0 0 0 0 0 0 0 0 0 0 0 0 0 0 0 0 0 0 0 0 0 0 0 0 0 0 0 0 0 0 0 0 0 0 0 0 0 3.82908 4.94359 3.95585 3.68627 3.95585 4.94359 3.82908 0 0 0 0 0 0 0 0 0 0 0 0 0 0 0 0 3.76747 3.67349 0 0 0 0 0 3.67349 3.76747 0 0 0 0 0 0 0 0 0 0 0 0 0 0 0 10.0654 0 0 0 0 0 0 0 10.0654 
0 0 0 0 0 0 0 0 0 0 0 0 0 0 0 0 0 0 0 0 0 0 0 0 0 0 0 0 0 0 0 0 0 0 0 0 0 0 0 3.82908 4.94359 3.95585 3.68627 3.95585 4.94359 3.82908 0 0 0 0 0 0 0 0 0 0 0 0 0 0 0 0 3.76747 3.67349 0 0 0 0 0 3.67349 3.76747 0 0 0 0 0 0 0 0 0 0 0 0 0 0 0 10.0654 0 0 0 0 0 0 0 10.0654 0 
0 0 0 0 0 0 0 0 0 0 0 0 0 0 0 0 0 0 0 0 0 0 0 0 0 0 0 0 0 0 0 0 0 0 0 0 0 0 3.82908 4.94359 3.95585 3.68627 3.95585 4.94359 3.82908 0 0 0 0 0 0 0 0 0 0 0 0 0 0 0 0 3.76747 3.67349 0 0 0 0 0 3.67349 3.76747 0 0 0 0 0 0 0 0 0 0 0 0 0 0 0 10.0654 0 0 0 0 0 0 0 10.0654 0 0 
0 0 0 0 0 0 0 0 0 0 0 0 0 0 0 0 0 0 0 0 0 0 0 0 0 0 0 0 0 0 0 0 0 0 0 0 0 3.82908 4.94359 3.95585 3.68627 3.95585 4.94359 3.82908 0 0 0 0 0 0 0 0 0 0 0 0 0 0 0 0 3.76747 3.67349 0 0 0 0 0 3.67349 3.76747 0 0 0 0 0 0 0 0 0 0 0 0 0 0 0 10.0654 0 0 0 0 0 0 0 10.0654 0 0 0 
0 0 0 0 0 0 0 0 0 0 0 0 0 0 0 0 0 0 0 0 0 0 0 0 0 0 0 0 0 0 0 0 0 0 0 0 3.82908 4.94359 3.95585 3.68627 3.95585 4.94359 3.82908 0 0 0 0 0 0 0 0 0 0 0 0 0 0 0 0 3.76747 3.67349 0 0 0 0 0 3.67349 3.76747 0 0 0 0 0 0 0 0 0 0 0 0 0 0 0 10.0654 0 0 0 0 0 0 0 10.0654 0 0 0 0 
0 0 0 0 0 0 0 0 0 0 0 0 0 0 0 0 0 0 0 0 0 0 0 0 0 0 0 0 0 0 0 0 0 0 0 3.82908 4.94359 3.95585 3.68627 3.95585 4.94359 3.82908 0 0 0 0 0 0 0 0 0 0 0 0 0 0 0 0 3.76747 3.67349 0 0 0 0 0 3.67349 3.76747 0 0 0 0 0 0 0 0 0 0 0 0 0 0 0 10.0654 0 0 0 0 0 0 0 10.0654 0 0 0 0 0 
0 0 0 0 0 0 0 0 0 0 0 0 0 0 0 0 0 0 0 0 0 0 0 0 0 0 0 0 0 0 0 0 0 0 3.82908 4.94359 3.95585 3.68627 3.95585 4.94359 3.82908 0 0 0 0 0 0 0 0 0 0 0 0 0 0 0 0 3.76747 3.67349 0 0 0 0 0 3.67349 3.76747 0 0 0 0 0 0 0 0 0 0 0 0 0 0 0 10.0654 0 0 0 0 0 0 0 10.0654 0 0 0 0 0 0 
0 0 0 0 0 0 0 0 0 0 0 0 0 0 0 0 0 0 0 0 0 0 0 0 0 0 0 0 0 0 0 0 0 3.82908 4.94359 3.95585 3.68627 3.95585 4.94359 3.82908 0 0 0 0 0 0 0 0 0 0 0 0 0 0 0 0 3.76747 3.67349 0 0 0 0 0 3.67349 3.76747 0 0 0 0 0 0 0 0 0 0 0 0 0 0 0 10.0654 0 0 0 0 0 0 0 10.0654 0 0 0 0 0 0 0 
0 0 0 0 0 0 0 0 0 0 0 0 0 0 0 0 0 0 0 0 0 0 0 0 0 0 0 0 0 0 0 0 3.82908 4.94359 3.95585 3.68627 3.95585 4.94359 3.82908 0 0 0 0 0 0 0 0 0 0 0 0 0 0 0 0 3.76747 3.67349 0 0 0 0 0 3.67349 3.76747 0 0 0 0 0 0 0 0 0 0 0 0 0 0 0 10.0654 0 0 0 0 0 0 0 10.0654 0 0 0 0 0 0 0 0 
0 0 0 0 0 0 0 0 0 0 0 0 0 0 0 0 0 0 0 0 0 0 0 0 0 0 0 0 0 0 0 3.82908 4.94359 3.95585 3.68627 3.95585 4.94359 3.82908 0 0 0 0 0 0 0 0 0 0 0 0 0 0 0 0 3.76747 3.67349 0 0 0 0 0 3.67349 3.76747 0 0 0 0 0 0 0 0 0 0 0 0 0 0 0 10.0654 0 0 0 0 0 0 0 10.0654 0 0 0 0 0 0 0 0 0 
0 0 0 0 0 0 0 0 0 0 0 0 0 0 0 0 0 0 0 0 0 0 0 0 0 0 0 0 0 0 3.82908 4.94359 3.95585 3.68627 3.95585 4.94359 3.82908 0 0 0 0 0 0 0 0 0 0 0 0 0 0 0 0 3.76747 3.67349 0 0 0 0 0 3.67349 3.76747 0 0 0 0 0 0 0 0 0 0 0 0 0 0 0 10.0654 0 0 0 0 0 0 0 10.0654 0 0 0 0 0 0 0 0 0 0 
0 0 0 0 0 0 0 0 0 0 0 0 0 0 0 0 0 0 0 0 0 0 0 0 0 0 0 0 0 3.82908 4.94359 3.95585 3.68627 3.95585 4.94359 3.82908 0 0 0 0 0 0 0 0 0 0 0 0 0 0 0 0 3.76747 3.67349 0 0 0 0 0 3.67349 3.76747 0 0 0 0 0 0 0 0 0 0 0 0 0 0 0 10.0654 0 0 0 0 0 0 0 10.0654 0 0 0 0 0 0 0 0 0 0 0 
0 0 0 0 0 0 0 0 0 0 0 0 0 0 0 0 0 0 0 0 0 0 0 0 0 0 0 0 3.82908 4.94359 3.95585 3.68627 3.95585 4.94359 3.82908 0 0 0 0 0 0 0 0 0 0 0 0 0 0 0 0 3.76747 3.67349 0 0 0 0 0 3.67349 3.76747 0 0 0 0 0 0 0 0 0 0 0 0 0 0 0 10.0654 0 0 0 0 0 0 0 10.0654 0 0 0 0 0 0 0 0 0 0 0 0 
0 0 0 0 0 0 0 0 0 0 0 0 0 0 0 0 0 0 0 0 0 0 0 0 0 0 0 3.82908 4.94359 3.95585 3.68627 3.95585 4.94359 3.82908 0 0 0 0 0 0 0 0 0 0 0 0 0 0 0 0 3.76747 3.67349 0 0 0 0 0 3.67349 3.76747 0 0 0 0 0 0 0 0 0 0 0 0 0 0 0 10.0654 0 0 0 0 0 0 0 10.0654 0 0 0 0 0 0 0 0 0 0 0 0 0 
0 0 0 0 0 0 0 0 0 0 0 0 0 0 0 0 0 0 0 0 0 0 0 0 0 0 0 0 0 0 0 0 0 0 0 0 0 0 0 0 0 0 0 0 0 0 0 0 0 0 0 4.90713 6.21634 5.79271 6.21634 4.90713 0 0 0 0 0 0 0 0 0 0 0 0 0 0 0 0 0 0 10.3401 2.86137 0 0 0 2.86137 10.3401 0 0 0 0 0 0 0 0 0 0 0 0 0 0 0 
0 0 0 0 0 0 0 0 0 0 0 0 0 0 0 0 0 0 0 0 0 0 0 0 0 0 0 0 0 0 0 0 0 0 0 0 0 0 0 0 0 0 0 0 0 0 0 0 0 0 4.90713 6.21634 5.79271 6.21634 4.90713 0 0 0 0 0 0 0 0 0 0 0 0 0 0 0 0 0 0 10.3401 2.86137 0 0 0 2.86137 10.3401 0 0 0 0 0 0 0 0 0 0 0 0 0 0 0 0 
0 0 0 0 0 0 0 0 0 0 0 0 0 0 0 0 0 0 0 0 0 0 0 0 0 0 0 0 0 0 0 0 0 0 0 0 0 0 0 0 0 0 0 0 0 0 0 0 0 4.90713 6.21634 5.79271 6.21634 4.90713 0 0 0 0 0 0 0 0 0 0 0 0 0 0 0 0 0 0 10.3401 2.86137 0 0 0 2.86137 10.3401 0 0 0 0 0 0 0 0 0 0 0 0 0 0 0 0 0 
0 0 0 0 0 0 0 0 0 0 0 0 0 0 0 0 0 0 0 0 0 0 0 0 0 0 0 0 0 0 0 0 0 0 0 0 0 0 0 0 0 0 0 0 0 0 0 0 4.90713 6.21634 5.79271 6.21634 4.90713 0 0 0 0 0 0 0 0 0 0 0 0 0 0 0 0 0 0 0 2.86137 0 0 0 2.86137 10.3401 0 0 0 0 0 0 0 0 0 0 0 0 0 0 0 0 0 10.3401 
0 0 0 0 0 0 0 0 0 0 0 0 0 0 0 0 0 0 0 0 0 0 0 0 0 0 0 0 0 0 0 0 0 0 0 0 0 0 0 0 0 0 0 0 0 0 0 0 6.21634 5.79271 6.21634 4.90713 0 0 0 0 0 0 0 0 0 0 0 0 0 0 0 0 0 0 0 4.90713 0 0 0 2.86137 10.3401 0 0 0 0 0 0 0 0 0 0 0 0 0 0 0 0 0 10.3401 2.86137 
0 0 0 0 0 0 0 0 0 0 0 0 0 0 0 0 0 0 0 0 0 0 0 0 0 0 0 0 0 0 0 0 0 0 0 0 0 0 0 0 0 0 0 0 0 0 0 0 5.79271 6.21634 4.90713 0 0 0 0 0 0 0 0 0 0 0 0 0 0 0 0 0 0 0 4.90713 6.21634 0 0 2.86137 10.3401 0 0 0 0 0 0 0 0 0 0 0 0 0 0 0 0 0 10.3401 2.86137 0 
0 0 0 0 0 0 0 0 0 0 0 0 0 0 0 0 0 0 0 0 0 0 0 0 0 0 0 0 0 0 0 0 0 0 0 0 0 0 0 0 0 0 0 0 0 0 0 0 6.21634 4.90713 0 0 0 0 0 0 0 0 0 0 0 0 0 0 0 0 0 0 0 4.90713 6.21634 5.79271 0 2.86137 10.3401 0 0 0 0 0 0 0 0 0 0 0 0 0 0 0 0 0 10.3401 2.86137 0 0 
0 0 0 0 0 0 0 0 0 0 0 0 0 0 0 0 0 0 0 0 0 0 0 0 0 0 0 0 0 0 0 0 0 0 0 0 0 0 0 0 0 0 0 0 0 0 0 0 4.90713 0 0 0 0 0 0 0 0 0 0 0 0 0 0 0 0 0 0 0 4.90713 6.21634 5.79271 6.21634 2.86137 10.3401 0 0 0 0 0 0 0 0 0 0 0 0 0 0 0 0 0 10.3401 2.86137 0 0 0 
0 0 0 0 0 0 0 0 0 0 0 0 0 0 0 0 0 0 0 0 0 0 0 0 0 0 0 0 0 0 0 0 0 0 0 0 0 0 0 0 0 0 0 0 0 0 0 0 0 0 0 0 0 0 0 0 0 0 0 0 0 0 0 0 0 0 0 4.90713 6.21634 5.79271 6.21634 4.90713 10.3401 0 0 0 0 0 0 0 0 0 0 0 0 0 0 0 0 0 10.3401 2.86137 0 0 0 2.86137 
0 0 0 0 0 0 0 0 0 0 0 0 0 0 0 0 0 0 0 0 0 0 0 0 0 0 0 0 0 0 0 0 0 0 0 0 0 0 0 0 0 0 0 0 0 0 0 0 0 0 0 0 0 0 0 0 0 0 0 0 0 0 0 0 0 0 4.90713 6.21634 5.79271 6.21634 4.90713 0 0 0 0 0 0 0 0 0 0 0 0 0 0 0 0 0 0 10.3401 2.86137 0 0 0 2.86137 10.3401 
0 0 0 0 0 0 0 0 0 0 0 0 0 0 0 0 0 0 0 0 0 0 0 0 0 0 0 0 0 0 0 0 0 0 0 0 0 0 0 0 0 0 0 0 0 0 0 0 0 0 0 0 0 0 0 0 0 0 0 0 0 0 0 0 0 4.90713 6.21634 5.79271 6.21634 4.90713 0 0 0 0 0 0 0 0 0 0 0 0 0 0 0 0 0 0 10.3401 2.86137 0 0 0 2.86137 10.3401 0 
0 0 0 0 0 0 0 0 0 0 0 0 0 0 0 0 0 0 0 0 0 0 0 0 0 0 0 0 0 0 0 0 0 0 0 0 0 0 0 0 0 0 0 0 0 0 0 0 0 0 0 0 0 0 0 0 0 0 0 0 0 0 0 0 4.90713 6.21634 5.79271 6.21634 4.90713 0 0 0 0 0 0 0 0 0 0 0 0 0 0 0 0 0 0 10.3401 2.86137 0 0 0 2.86137 10.3401 0 0 
0 0 0 0 0 0 0 0 0 0 0 0 0 0 0 0 0 0 0 0 0 0 0 0 0 0 0 0 0 0 0 0 0 0 0 0 0 0 0 0 0 0 0 0 0 0 0 0 0 0 0 0 0 0 0 0 0 0 0 0 0 0 0 4.90713 6.21634 5.79271 6.21634 4.90713 0 0 0 0 0 0 0 0 0 0 0 0 0 0 0 0 0 0 10.3401 2.86137 0 0 0 2.86137 10.3401 0 0 0 
0 0 0 0 0 0 0 0 0 0 0 0 0 0 0 0 0 0 0 0 0 0 0 0 0 0 0 0 0 0 0 0 0 0 0 0 0 0 0 0 0 0 0 0 0 0 0 0 0 0 0 0 0 0 0 0 0 0 0 0 0 0 4.90713 6.21634 5.79271 6.21634 4.90713 0 0 0 0 0 0 0 0 0 0 0 0 0 0 0 0 0 0 10.3401 2.86137 0 0 0 2.86137 10.3401 0 0 0 0 
0 0 0 0 0 0 0 0 0 0 0 0 0 0 0 0 0 0 0 0 0 0 0 0 0 0 0 0 0 0 0 0 0 0 0 0 0 0 0 0 0 0 0 0 0 0 0 0 0 0 0 0 0 0 0 0 0 0 0 0 0 4.90713 6.21634 5.79271 6.21634 4.90713 0 0 0 0 0 0 0 0 0 0 0 0 0 0 0 0 0 0 10.3401 2.86137 0 0 0 2.86137 10.3401 0 0 0 0 0 
0 0 0 0 0 0 0 0 0 0 0 0 0 0 0 0 0 0 0 0 0 0 0 0 0 0 0 0 0 0 0 0 0 0 0 0 0 0 0 0 0 0 0 0 0 0 0 0 0 0 0 0 0 0 0 0 0 0 0 0 4.90713 6.21634 5.79271 6.21634 4.90713 0 0 0 0 0 0 0 0 0 0 0 0 0 0 0 0 0 0 10.3401 2.86137 0 0 0 2.86137 10.3401 0 0 0 0 0 0 
0 0 0 0 0 0 0 0 0 0 0 0 0 0 0 0 0 0 0 0 0 0 0 0 0 0 0 0 0 0 0 0 0 0 0 0 0 0 0 0 0 0 0 0 0 0 0 0 0 0 0 0 0 0 0 0 0 0 0 4.90713 6.21634 5.79271 6.21634 4.90713 0 0 0 0 0 0 0 0 0 0 0 0 0 0 0 0 0 0 10.3401 2.86137 0 0 0 2.86137 10.3401 0 0 0 0 0 0 0 
0 0 0 0 0 0 0 0 0 0 0 0 0 0 0 0 0 0 0 0 0 0 0 0 0 0 0 0 0 0 0 0 0 0 0 0 0 0 0 0 0 0 0 0 0 0 0 0 0 0 0 0 0 0 0 0 0 0 4.90713 6.21634 5.79271 6.21634 4.90713 0 0 0 0 0 0 0 0 0 0 0 0 0 0 0 0 0 0 10.3401 2.86137 0 0 0 2.86137 10.3401 0 0 0 0 0 0 0 0 
0 0 0 0 0 0 0 0 0 0 0 0 0 0 0 0 0 0 0 0 0 0 0 0 0 0 0 0 0 0 0 0 0 0 0 0 0 0 0 0 0 0 0 0 0 0 0 0 0 0 0 0 0 0 0 0 0 4.90713 6.21634 5.79271 6.21634 4.90713 0 0 0 0 0 0 0 0 0 0 0 0 0 0 0 0 0 0 10.3401 2.86137 0 0 0 2.86137 10.3401 0 0 0 0 0 0 0 0 0 
0 0 0 0 0 0 0 0 0 0 0 0 0 0 0 0 0 0 0 0 0 0 0 0 0 0 0 0 0 0 0 0 0 0 0 0 0 0 0 0 0 0 0 0 0 0 0 0 0 0 0 0 0 0 0 0 4.90713 6.21634 5.79271 6.21634 4.90713 0 0 0 0 0 0 0 0 0 0 0 0 0 0 0 0 0 0 10.3401 2.86137 0 0 0 2.86137 10.3401 0 0 0 0 0 0 0 0 0 0 
0 0 0 0 0 0 0 0 0 0 0 0 0 0 0 0 0 0 0 0 0 0 0 0 0 0 0 0 0 0 0 0 0 0 0 0 0 0 0 0 0 0 0 0 0 0 0 0 0 0 0 0 0 0 0 4.90713 6.21634 5.79271 6.21634 4.90713 0 0 0 0 0 0 0 0 0 0 0 0 0 0 0 0 0 0 10.3401 2.86137 0 0 0 2.86137 10.3401 0 0 0 0 0 0 0 0 0 0 0 
0 0 0 0 0 0 0 0 0 0 0 0 0 0 0 0 0 0 0 0 0 0 0 0 0 0 0 0 0 0 0 0 0 0 0 0 0 0 0 0 0 0 0 0 0 0 0 0 0 0 0 0 0 0 4.90713 6.21634 5.79271 6.21634 4.90713 0 0 0 0 0 0 0 0 0 0 0 0 0 0 0 0 0 0 10.3401 2.86137 0 0 0 2.86137 10.3401 0 0 0 0 0 0 0 0 0 0 0 0 
0 0 0 0 0 0 0 0 0 0 0 0 0 0 0 0 0 0 0 0 0 0 0 0 0 0 0 0 0 0 0 0 0 0 0 0 0 0 0 0 0 0 0 0 0 0 0 0 0 0 0 0 0 4.90713 6.21634 5.79271 6.21634 4.90713 0 0 0 0 0 0 0 0 0 0 0 0 0 0 0 0 0 0 10.3401 2.86137 0 0 0 2.86137 10.3401 0 0 0 0 0 0 0 0 0 0 0 0 0 
0 0 0 0 0 0 0 0 0 0 0 0 0 0 0 0 0 0 0 0 0 0 0 0 0 0 0 0 0 0 0 0 0 0 0 0 0 0 0 0 0 0 0 0 0 0 0 0 0 0 0 0 4.90713 6.21634 5.79271 6.21634 4.90713 0 0 0 0 0 0 0 0 0 0 0 0 0 0 0 0 0 0 10.3401 2.86137 0 0 0 2.86137 10.3401 0 0 0 0 0 0 0 0 0 0 0 0 0 0 
0 0 0 0 0 0 0 0 0 0 0 0 0 0 0 0 0 0 0 0 0 0 0 0 0 0 0 0 0 0 0 0 0 0 0 0 0 0 0 0 0 0 0 0 0 0 0 0 0 0 0 0 0 0 0 0 0 0 0 0 0 0 0 0 0 0 0 0 0 0 0 0 0 0 0 5.60135 8.47683 7.89915 8.47683 5.60135 0 0 0 0 0 0 0 0 0 0 0 0 0 0 0 0 
0 0 0 0 0 0 0 0 0 0 0 0 0 0 0 0 0 0 0 0 0 0 0 0 0 0 0 0 0 0 0 0 0 0 0 0 0 0 0 0 0 0 0 0 0 0 0 0 0 0 0 0 0 0 0 0 0 0 0 0 0 0 0 0 0 0 0 0 0 0 0 0 0 0 5.60135 8.47683 7.89915 8.47683 5.60135 0 0 0 0 0 0 0 0 0 0 0 0 0 0 0 0 0 
0 0 0 0 0 0 0 0 0 0 0 0 0 0 0 0 0 0 0 0 0 0 0 0 0 0 0 0 0 0 0 0 0 0 0 0 0 0 0 0 0 0 0 0 0 0 0 0 0 0 0 0 0 0 0 0 0 0 0 0 0 0 0 0 0 0 0 0 0 0 0 0 0 5.60135 8.47683 7.89915 8.47683 5.60135 0 0 0 0 0 0 0 0 0 0 0 0 0 0 0 0 0 0 
0 0 0 0 0 0 0 0 0 0 0 0 0 0 0 0 0 0 0 0 0 0 0 0 0 0 0 0 0 0 0 0 0 0 0 0 0 0 0 0 0 0 0 0 0 0 0 0 0 0 0 0 0 0 0 0 0 0 0 0 0 0 0 0 0 0 0 0 0 0 0 0 5.60135 8.47683 7.89915 8.47683 5.60135 0 0 0 0 0 0 0 0 0 0 0 0 0 0 0 0 0 0 0 
0 0 0 0 0 0 0 0 0 0 0 0 0 0 0 0 0 0 0 0 0 0 0 0 0 0 0 0 0 0 0 0 0 0 0 0 0 0 0 0 0 0 0 0 0 0 0 0 0 0 0 0 0 0 0 0 0 0 0 0 0 0 0 0 0 0 0 0 0 0 0 0 8.47683 7.89915 8.47683 5.60135 0 0 0 0 0 0 0 0 0 0 0 0 0 0 0 0 0 0 0 5.60135 
0 0 0 0 0 0 0 0 0 0 0 0 0 0 0 0 0 0 0 0 0 0 0 0 0 0 0 0 0 0 0 0 0 0 0 0 0 0 0 0 0 0 0 0 0 0 0 0 0 0 0 0 0 0 0 0 0 0 0 0 0 0 0 0 0 0 0 0 0 0 0 0 7.89915 8.47683 5.60135 0 0 0 0 0 0 0 0 0 0 0 0 0 0 0 0 0 0 0 5.60135 8.47683 
0 0 0 0 0 0 0 0 0 0 0 0 0 0 0 0 0 0 0 0 0 0 0 0 0 0 0 0 0 0 0 0 0 0 0 0 0 0 0 0 0 0 0 0 0 0 0 0 0 0 0 0 0 0 0 0 0 0 0 0 0 0 0 0 0 0 0 0 0 0 0 0 8.47683 5.60135 0 0 0 0 0 0 0 0 0 0 0 0 0 0 0 0 0 0 0 5.60135 8.47683 7.89915 
0 0 0 0 0 0 0 0 0 0 0 0 0 0 0 0 0 0 0 0 0 0 0 0 0 0 0 0 0 0 0 0 0 0 0 0 0 0 0 0 0 0 0 0 0 0 0 0 0 0 0 0 0 0 0 0 0 0 0 0 0 0 0 0 0 0 0 0 0 0 0 0 5.60135 0 0 0 0 0 0 0 0 0 0 0 0 0 0 0 0 0 0 0 5.60135 8.47683 7.89915 8.47683 
0 0 0 0 0 0 0 0 0 0 0 0 0 0 0 0 0 0 0 0 0 0 0 0 0 0 0 0 0 0 0 0 0 0 0 0 0 0 0 0 0 0 0 0 0 0 0 0 0 0 0 0 0 0 0 0 0 0 0 0 0 0 0 0 0 0 0 0 0 0 0 0 0 0 0 0 0 0 0 0 0 0 0 0 0 0 0 0 0 0 0 5.60135 8.47683 7.89915 8.47683 5.60135 
0 0 0 0 0 0 0 0 0 0 0 0 0 0 0 0 0 0 0 0 0 0 0 0 0 0 0 0 0 0 0 0 0 0 0 0 0 0 0 0 0 0 0 0 0 0 0 0 0 0 0 0 0 0 0 0 0 0 0 0 0 0 0 0 0 0 0 0 0 0 0 0 0 0 0 0 0 0 0 0 0 0 0 0 0 0 0 0 0 0 5.60135 8.47683 7.89915 8.47683 5.60135 0 
0 0 0 0 0 0 0 0 0 0 0 0 0 0 0 0 0 0 0 0 0 0 0 0 0 0 0 0 0 0 0 0 0 0 0 0 0 0 0 0 0 0 0 0 0 0 0 0 0 0 0 0 0 0 0 0 0 0 0 0 0 0 0 0 0 0 0 0 0 0 0 0 0 0 0 0 0 0 0 0 0 0 0 0 0 0 0 0 0 5.60135 8.47683 7.89915 8.47683 5.60135 0 0 
0 0 0 0 0 0 0 0 0 0 0 0 0 0 0 0 0 0 0 0 0 0 0 0 0 0 0 0 0 0 0 0 0 0 0 0 0 0 0 0 0 0 0 0 0 0 0 0 0 0 0 0 0 0 0 0 0 0 0 0 0 0 0 0 0 0 0 0 0 0 0 0 0 0 0 0 0 0 0 0 0 0 0 0 0 0 0 0 5.60135 8.47683 7.89915 8.47683 5.60135 0 0 0 
0 0 0 0 0 0 0 0 0 0 0 0 0 0 0 0 0 0 0 0 0 0 0 0 0 0 0 0 0 0 0 0 0 0 0 0 0 0 0 0 0 0 0 0 0 0 0 0 0 0 0 0 0 0 0 0 0 0 0 0 0 0 0 0 0 0 0 0 0 0 0 0 0 0 0 0 0 0 0 0 0 0 0 0 0 0 0 5.60135 8.47683 7.89915 8.47683 5.60135 0 0 0 0 
0 0 0 0 0 0 0 0 0 0 0 0 0 0 0 0 0 0 0 0 0 0 0 0 0 0 0 0 0 0 0 0 0 0 0 0 0 0 0 0 0 0 0 0 0 0 0 0 0 0 0 0 0 0 0 0 0 0 0 0 0 0 0 0 0 0 0 0 0 0 0 0 0 0 0 0 0 0 0 0 0 0 0 0 0 0 5.60135 8.47683 7.89915 8.47683 5.60135 0 0 0 0 0 
0 0 0 0 0 0 0 0 0 0 0 0 0 0 0 0 0 0 0 0 0 0 0 0 0 0 0 0 0 0 0 0 0 0 0 0 0 0 0 0 0 0 0 0 0 0 0 0 0 0 0 0 0 0 0 0 0 0 0 0 0 0 0 0 0 0 0 0 0 0 0 0 0 0 0 0 0 0 0 0 0 0 0 0 0 5.60135 8.47683 7.89915 8.47683 5.60135 0 0 0 0 0 0 
0 0 0 0 0 0 0 0 0 0 0 0 0 0 0 0 0 0 0 0 0 0 0 0 0 0 0 0 0 0 0 0 0 0 0 0 0 0 0 0 0 0 0 0 0 0 0 0 0 0 0 0 0 0 0 0 0 0 0 0 0 0 0 0 0 0 0 0 0 0 0 0 0 0 0 0 0 0 0 0 0 0 0 0 5.60135 8.47683 7.89915 8.47683 5.60135 0 0 0 0 0 0 0 
0 0 0 0 0 0 0 0 0 0 0 0 0 0 0 0 0 0 0 0 0 0 0 0 0 0 0 0 0 0 0 0 0 0 0 0 0 0 0 0 0 0 0 0 0 0 0 0 0 0 0 0 0 0 0 0 0 0 0 0 0 0 0 0 0 0 0 0 0 0 0 0 0 0 0 0 0 0 0 0 0 0 0 5.60135 8.47683 7.89915 8.47683 5.60135 0 0 0 0 0 0 0 0 
0 0 0 0 0 0 0 0 0 0 0 0 0 0 0 0 0 0 0 0 0 0 0 0 0 0 0 0 0 0 0 0 0 0 0 0 0 0 0 0 0 0 0 0 0 0 0 0 0 0 0 0 0 0 0 0 0 0 0 0 0 0 0 0 0 0 0 0 0 0 0 0 0 0 0 0 0 0 0 0 0 0 5.60135 8.47683 7.89915 8.47683 5.60135 0 0 0 0 0 0 0 0 0 
0 0 0 0 0 0 0 0 0 0 0 0 0 0 0 0 0 0 0 0 0 0 0 0 0 0 0 0 0 0 0 0 0 0 0 0 0 0 0 0 0 0 0 0 0 0 0 0 0 0 0 0 0 0 0 0 0 0 0 0 0 0 0 0 0 0 0 0 0 0 0 0 0 0 0 0 0 0 0 0 0 5.60135 8.47683 7.89915 8.47683 5.60135 0 0 0 0 0 0 0 0 0 0 
0 0 0 0 0 0 0 0 0 0 0 0 0 0 0 0 0 0 0 0 0 0 0 0 0 0 0 0 0 0 0 0 0 0 0 0 0 0 0 0 0 0 0 0 0 0 0 0 0 0 0 0 0 0 0 0 0 0 0 0 0 0 0 0 0 0 0 0 0 0 0 0 0 0 0 0 0 0 0 0 5.60135 8.47683 7.89915 8.47683 5.60135 0 0 0 0 0 0 0 0 0 0 0 
0 0 0 0 0 0 0 0 0 0 0 0 0 0 0 0 0 0 0 0 0 0 0 0 0 0 0 0 0 0 0 0 0 0 0 0 0 0 0 0 0 0 0 0 0 0 0 0 0 0 0 0 0 0 0 0 0 0 0 0 0 0 0 0 0 0 0 0 0 0 0 0 0 0 0 0 0 0 0 5.60135 8.47683 7.89915 8.47683 5.60135 0 0 0 0 0 0 0 0 0 0 0 0 
0 0 0 0 0 0 0 0 0 0 0 0 0 0 0 0 0 0 0 0 0 0 0 0 0 0 0 0 0 0 0 0 0 0 0 0 0 0 0 0 0 0 0 0 0 0 0 0 0 0 0 0 0 0 0 0 0 0 0 0 0 0 0 0 0 0 0 0 0 0 0 0 0 0 0 0 0 0 5.60135 8.47683 7.89915 8.47683 5.60135 0 0 0 0 0 0 0 0 0 0 0 0 0 
0 0 0 0 0 0 0 0 0 0 0 0 0 0 0 0 0 0 0 0 0 0 0 0 0 0 0 0 0 0 0 0 0 0 0 0 0 0 0 0 0 0 0 0 0 0 0 0 0 0 0 0 0 0 0 0 0 0 0 0 0 0 0 0 0 0 0 0 0 0 0 0 0 0 0 0 0 5.60135 8.47683 7.89915 8.47683 5.60135 0 0 0 0 0 0 0 0 0 0 0 0 0 0 
0 0 0 0 0 0 0 0 0 0 0 0 0 0 0 0 0 0 0 0 0 0 0 0 0 0 0 0 0 0 0 0 0 0 0 0 0 0 0 0 0 0 0 0 0 0 0 0 0 0 0 0 0 0 0 0 0 0 0 0 0 0 0 0 0 0 0 0 0 0 0 0 0 0 0 0 5.60135 8.47683 7.89915 8.47683 5.60135 0 0 0 0 0 0 0 0 0 0 0 0 0 0 0 
