13.5677
13.6468
13.627
13.6468
13.627
13.6468
13.5677
13.6468
13.627
17.6363
19.5743
18.4489
13.5677
13.6468
13.627
13.6468
13.627
13.6468
13.5677
18.4489
19.5743
17.6363
13.627
13.6468
12.5788
12.6777
12.6183
12.6579
12.6183
12.6777
12.5788
12.6777
12.6183
12.6579
12.6183
18.0339
18.5854
17.6276
16.0906
15.1698
16.0906
17.6276
18.4376
18.0339
12.6183
12.6579
12.6183
12.6777
10.7592
10.7394
10.7197
10.6801
10.7197
10.7394
10.7592
10.7394
10.7197
10.6801
10.7197
10.7394
13.8252
15.9848
16.5192
16.6643
16.5192
15.9848
13.8252
10.7394
10.7197
10.6801
10.7197
10.7394
7.12007
7.10029
7.08051
7.12007
7.08051
7.10029
7.12007
7.10029
7.08051
7.12007
7.08051
7.10029
7.12007
7.10029
7.08051
7.12007
7.08051
7.10029
7.12007
7.10029
7.08051
7.12007
7.08051
7.10029
