0 0.224854
1 0.126361
2 0.114377
3 0.12719
4 0.227232
5 0.234707
6 0.274317
7 0.248891
8 0.182932
9 0.225279
10 0.181548
11 0.18677
12 0.184792
13 0.155596
14 0.18504
15 0.155283
16 0.188879
17 0.188686
18 0.182886
19 0.225997
20 0.185379
21 0.249648
22 0.267284
23 0.230955
24 0.162773
25 0.237697
26 0.167344
27 0.235769
28 0.162311
29 0.267718
30 0.129695
31 0.11937
32 0.255434
33 0.216774
34 0.232636
35 0.158615
36 0.157728
37 0.508453
38 0.46904
39 0.517295
40 0.15653
41 0.161188
42 0.232108
43 0.218442
44 0.256479
45 0.118355
46 0.131626
47 0.263299
48 0.166881
49 0.213965
50 0.234478
51 0.215406
52 0.167638
53 0.160448
54 0.179479
55 0.27377
56 0.196451
57 0.157605
58 0.210346
59 0.242474
60 0.19023
61 0.584184
62 0.564474
63 0.580716
64 0.189394
65 0.244281
66 0.210683
67 0.156946
68 0.196852
69 0.272929
70 0.180642
71 0.161029
72 0.212064
73 0.185763
74 0.208782
75 0.185021
76 0.213155
77 0.180169
78 0.193841
79 0.206607
80 0.193839
81 0.224639
82 0.182406
83 0.181153
84 0.177387
85 0.177864
86 0.288088
87 0.175881
88 0.178126
89 0.181215
90 0.182568
91 0.224375
92 0.1933
93 0.208517
94 0.192326
95 0.181008
